5 396.237
6 362.736
7 333.325
8 346.866
9 292.077
10 282.682
11 283.193
12 281.91
13 248.398
14 237.685
15 226.064
16 178.545
17 178.591
18 178.591
19 178.681
20 178.613
21 177.864
22 169.15
23 122.847
24 122.381
25 122.268
26 122.006
27 120.575
28 113.736
29 92.5613
30 92.6067
31 92.584
32 92.6067
33 92.6749
34 92.5272
35 92.3
36 91.5275
37 88.3467
38 80.7469
39 62.2187
40 61.9006
41 61.8893
42 61.8211
43 61.8098
44 61.469
45 61.1054
46 59.3901
47 54.0168
48 31.0014
49 30.8083
50 30.8424
51 30.797
52 30.797
53 30.831
54 30.797
55 30.672
56 30.5925
57 30.2744
58 29.7064
59 27.9342
60 24.7989
61 0.14768
62 0
63 0
64 0
65 0
66 0
67 0
68 0
69 0
70 0
71 0
72 0
73 0
74 0
75 0
76 0
77 0
78 0
79 0
80 0
81 0
82 0
83 0
84 0
85 0
86 0
87 0
88 0
89 0
90 0
91 0
92 0
93 0
94 0
95 0
96 0
97 0
98 0
99 0
100 0
101 0
102 0
103 0
e
