5 396.248
6 380.242
7 379.344
8 364.008
9 305.902
10 297.416
11 298.132
12 297.098
13 259.247
14 249.727
15 238.64
16 188.326
17 188.133
18 188.337
19 188.61
20 188.167
21 187.167
22 178.511
23 129.561
24 129.186
25 129.118
26 128.822
27 127.391
28 120.541
29 97.9005
30 97.7755
31 97.8778
32 97.7982
33 97.821
34 97.7187
35 97.5824
36 96.6282
37 93.2315
38 84.3934
39 65.8653
40 65.6494
41 65.6835
42 65.6154
43 65.4904
44 65.2973
45 64.5021
46 62.8322
47 58.3109
48 32.9099
49 32.66
50 32.66
51 32.6486
52 32.66
53 32.6486
54 32.66
55 32.5578
56 32.501
57 32.0806
58 31.2854
59 29.3202
60 26.6051
61 0.09088
62 0
63 0
64 0
65 0
66 0
67 0
68 0
69 0
70 0
71 0
72 0
73 0
74 0
75 0
76 0
77 0
78 0
79 0
80 0
81 0
82 0
83 0
84 0
85 0
86 0
87 0
88 0
89 0
90 0
91 0
92 0
93 0
94 0
95 0
96 0
97 0
98 0
99 0
100 0
101 0
102 0
103 0
e
