5 204.844
6 207.74
7 187.349
8 168.696
9 168.639
10 163.97
11 148.134
12 128.618
13 128.936
14 128.97
15 128.947
16 122.961
17 115.418
18 100.297
19 101.093
20 79.0542
21 79.0088
22 79.0202
23 79.0542
24 79.0088
25 78.9179
26 78.8838
27 77.8387
28 73.9877
29 53.0966
30 52.6536
31 52.6536
32 52.7786
33 52.5741
34 51.9379
35 50.2226
36 45.315
37 39.6578
38 39.2942
39 39.3283
40 39.3056
41 39.3738
42 39.2942
43 39.2829
44 39.1238
45 39.2034
46 38.5899
47 37.1018
48 34.523
49 26.3438
50 26.2757
51 26.2757
52 26.2757
53 26.3211
54 26.253
55 26.1848
56 26.0598
57 25.7986
58 25.2874
59 23.8333
60 20.6525
61 13.064
62 13.0299
63 13.0186
64 13.0072
65 13.0186
66 13.0413
67 13.0072
68 13.0072
69 12.9845
70 12.9504
71 12.9163
72 12.78
73 12.4619
74 11.8712
75 11.0078
76 3.58976
77 2.97632
78 1.95392
79 1.45408
80 0.7952
81 0.60208
82 0.60208
83 0.54528
84 0.3976
85 0.20448
86 0.01136
87 0
88 0
89 0
90 0
91 0
92 0
93 0
94 0
95 0
96 0
97 0
98 0
99 0
100 0
101 0
102 0
103 0
e
