5 5.60616
7 5.80496
9 5.75952
11 5.7652
13 5.73112
15 5.7652
17 5.7652
19 5.75952
21 5.78224
23 5.74816
25 5.7652
27 5.78792
29 5.75384
31 5.7652
33 5.78224
35 5.71408
37 5.822
39 5.90152
41 5.81632
43 5.72544
45 5.74816
47 5.7652
49 5.7652
51 5.77088
53 5.73112
55 5.7936
57 5.77088
59 5.77656
61 5.78792
63 5.75384
65 5.75384
67 5.74816
69 5.70272
71 5.5948
73 5.52664
75 4.7712
77 4.02144
79 2.82864
81 3.56136
83 3.5216
85 3.44776
87 3.43072
89 3.34552
91 3.20352
93 3.02744
95 2.65256
97 2.20952
99 1.85736
101 1.562
103 1.52792
105 1.59608
107 1.56768
109 1.49952
111 1.49952
113 1.4484
115 1.2496
117 1.09056
119 1.0508
121 0.87472
123 0.86336
125 0.85768
127 0.85768
129 0.67592
131 0
133 0
135 0
137 0
139 0
141 0
143 0
145 0
147 0
149 0
151 0
153 0
155 0
157 0
159 0
161 0
163 0
165 0
167 0
169 0
171 0
173 0
175 0
177 0
179 0
181 0
183 0
185 0
187 0
189 0
191 0
193 0
195 0
197 0
199 0
201 0
203 0
205 0
207 0
209 0
211 0
213 0
215 0
217 0
219 0
221 0
223 0
225 0
227 0
229 0
231 0
233 0
235 0
237 0
239 0
241 0
243 0
245 0
247 0
249 0
251 0
e
