5 58.0382
7 58.6574
9 58.8278
11 58.8562
13 58.7766
15 58.7994
17 58.8562
19 58.8164
21 58.8618
23 58.771
25 58.8732
27 58.788
29 58.8562
31 58.7823
33 57.7883
35 50.41
37 49.9102
39 43.0828
41 42.4694
43 25.3669
45 33.3359
47 34.3697
49 34.5571
51 34.2845
53 34.4265
55 34.2674
57 33.9153
59 32.109
61 25.9803
63 12.7175
65 22.6291
67 22.6859
69 22.7314
71 22.3565
73 21.9759
75 20.5048
77 15.6995
79 8.8608
81 16.7276
83 16.7674
85 16.881
87 16.7446
89 16.9378
91 16.7106
93 16.6822
95 16.6083
97 16.2846
99 15.7563
101 14.2057
103 11.3714
105 6.9012
107 9.94
109 10.9851
111 10.9851
113 10.9965
115 10.9908
117 10.9454
119 10.8204
121 10.6614
123 10.2524
125 9.30952
127 7.74752
129 5.67432
131 3.16376
133 5.01544
135 5.41304
137 5.39032
139 5.396
141 5.396
143 5.40736
145 5.37328
147 5.36192
149 5.3676
151 5.254
153 5.18584
155 5.00408
157 4.59512
159 4.18616
161 3.33984
163 2.22656
165 1.19848
167 0.44872
169 0.0852
171 0
173 0
175 0
177 0
179 0
181 0
183 0
185 0
187 0
189 0
191 0
193 0
195 0
197 0
199 0
201 0
203 0
205 0
207 0
209 0
211 0
213 0
215 0
217 0
219 0
221 0
223 0
225 0
227 0
229 0
231 0
233 0
235 0
237 0
239 0
241 0
243 0
245 0
247 0
249 0
251 0
e
