5 395.101
6 334.098
7 329.758
8 317.308
9 267.687
10 240.809
11 257.986
12 256.929
13 227.768
14 216.522
15 206.65
16 162.096
17 161.857
18 161.971
19 161.994
20 161.937
21 161.062
22 154.087
23 111.078
24 110.771
25 110.783
26 110.544
27 108.931
28 103.092
29 83.7232
30 83.6778
31 83.6437
32 83.7573
33 83.6437
34 83.7118
35 83.5074
36 82.7349
37 80.0539
38 72.8517
39 56.0502
40 55.823
41 55.7435
42 55.7662
43 55.7662
44 55.6072
45 54.937
46 53.3466
47 49.5296
48 27.8774
49 27.6957
50 27.6843
51 27.6843
52 27.6843
53 27.707
54 27.7184
55 27.5707
56 27.5366
57 27.2299
58 26.4461
59 24.7762
60 21.9589
61 0.0568
62 0
63 0
64 0
65 0
66 0
67 0
68 0
69 0
70 0
71 0
72 0
73 0
74 0
75 0
76 0
77 0
78 0
79 0
80 0
81 0
82 0
83 0
84 0
85 0
86 0
87 0
88 0
89 0
90 0
91 0
92 0
93 0
94 0
95 0
96 0
97 0
98 0
99 0
100 0
101 0
102 0
103 0
e
